0.6 0.00462255240819
0.9 0.0065397585409
1.2 0.00841367550922
1.5 0.0103272643895
1.8 0.0123174782574
2.1 0.0144040290089
2.4 0.0165986828891
2.7 0.0189090293676
3.0 0.0213402504808
3.3 0.0238960423644
3.6 0.0265791341081
3.9 0.0293915982131
4.2 0.032335045667
4.5 0.0354107535552
4.8 0.0386197514026
5.1 0.0419628812942
5.4 0.0454343010251
5.7 0.0485624606782
6.0 0.0511337667323
6.3 0.0532431943963
6.6 0.0549566719958
6.9 0.056328442239
7.2 0.0574075900051
7.5 0.0582413939906
7.8 0.0588752308131
8.1 0.0593516213008
8.4 0.0597060352776
8.7 0.0599647756661
9.0 0.0601524539369
9.3 0.0602908289233
9.6 0.0603926609328
9.9 0.0604682901585
10.2 0.0605274992003
10.5 0.0605751288422
10.8 0.0606128088337
11.1 0.0606420588882
11.4 0.060664362059
11.7 0.060681178348
12.0 0.0606939658561
12.3 0.0607039913419
12.6 0.0607117763418
12.9 0.0607176520961
13.2 0.0607219357383
13.5 0.0607249528642
13.8 0.0607270282259
